Model Setup

Mathematical formula: as per tQSSA paper.

Base Model: 

Species index        
i  | Species         | Initial Concentration | Compartment (relative size)
---------------------|-----------------------|------------
1  | PIP2            | 1450.79900            | PM (0.08)
2  | PIP3            |    0.00000            | PM (0.08)
3  | AKT             |  607.26343            | Cytosol (1)
4  | mAKT            |    0.00000            | PM (0.08)
5  | p308mAKT        |    0.00000            | PM (0.08)
6  | p473mAKT        |    0.00000            | PM (0.08)
7  | p308p473mAKT    |    0.00000            | PM (0.08)
8  | p308AKT         |    0.00000            | Cytosol (1)
9  | p473AKT         |    0.00000            | Cytosol (1)
10 | p308p473AKT     |    0.00000            | Cytosol (1)
11 | mTORC2          |    0.31192            | PM (0.08)
12 | PDK1            |    2.77561            | PM (0.08)
13 | IR              |    3.59393            | PM (0.08)
14 | pIR             |    0.00000            | PM (0.08)
15 | piIR            |    0.00000            | PM (0.08)
16 | AKTSub          |   20.83131            | Cytosol (1)
17 | pAKTSub         |    0.00000            | Cytosol (1)
18 | TSC2            |    3.03503            | Cytosol (1)
19 | piTSC2          |    0.00000            | Cytosol (1)
20 | mTORC1          |    9.49839            | Cytosol (1)
21 | pimTORC1        |    0.00000            | Cytosol (1)
22 | Insulin         |    0.00000            | ECM (inf)
23 | mAKT-PDK1       |    0.00000            | PM (0.08)
24 | p473mAKT-PDK1   |    0.00000            | PM (0.08)
25 | mAKT-mTORC2     |    0.00000            | PM (0.08)
26 | p308mAKT-mTORC2 |    0.00000            | PM (0.08)

G Matrix

 i |  j |  k  |     Value
===|====|=====|==============
23 |  4 | 12  | -0.012509265  
23 | 12 |  4  | -0.012509265
 4 |  4 | 12  |  0.012509265
 4 | 12 |  4  |  0.012509265
12 |  4 | 12  |  0.012509265
12 | 12 |  4  |  0.012509265
24 |  6 | 12  | -0.000047219
24 | 12 |  6  | -0.000047219
 6 |  6 | 12  |  0.000047219
 6 | 12 |  6  |  0.000047219
12 |  6 | 12  |  0.000047219
12 | 12 |  6  |  0.000047219
25 |  4 | 11  | -0.004216473
25 | 11 |  4  | -0.004216473
 4 |  4 | 11  |  0.004216473
 4 | 11 |  4  |  0.004216473
11 |  4 | 11  |  0.004216473
11 | 11 |  4  |  0.004216473
26 |  5 | 11  | -0.013798836
26 | 11 |  5  | -0.013798836
 5 |  5 | 11  |  0.013798836
 5 | 11 |  5  |  0.013798836
11 |  5 | 11  |  0.013798836
11 | 11 |  5  |  0.013798836

k2
 i |  j |  k | Value
---|----|----|--------------------
14 | 14 |  1 |  -0.00110000001  
 1 | 14 |  1 |  -0.00110000001
14 | 14 |  1 |   0.00110000001
 2 | 14 |  1 |   0.00110000001
 3 |  3 |  2 |  -0.00000700701
 2 |  3 |  2 |  -0.00000700701
 4 |  3 |  2 |   0.00000700701
 8 |  8 |  2 |  -0.00000700701
 2 |  8 |  2 |  -0.00000700701
 5 |  8 |  2 |   0.00000700701
 9 |  9 |  2 |  -0.00000700701
 2 |  9 |  2 |  -0.00000700701
 6 |  9 |  2 |   0.00000700701
10 | 10 |  2 |  -0.00000700701
 2 | 10 |  2 |  -0.00000700701
 7 | 10 |  2 |   0.00000700701
22 | 22 | 13 |  -0.01250967161
13 | 22 | 13 |  -0.01250967161
22 | 22 | 13 |   0.01250967161
14 | 22 | 13 |   0.01250967161
20 | 20 | 13 |  -0.11767835221
13 | 20 | 13 |  -0.11767835221
20 | 20 | 13 |   0.11767835221
15 | 20 | 13 |   0.11767835221
 8 |  8 | 16 |  -0.04880899351
16 |  8 | 16 |  -0.04880899351
 8 |  8 | 16 |   0.04880899351
17 |  8 | 16 |   0.04880899351
 8 |  8 | 18 |  -0.83070959021
18 |  8 | 18 |  -0.83070959021
 8 |  8 | 18 |   0.83070959021
19 |  8 | 18 |   0.83070959021
18 | 18 | 20 |  -0.42718761241
20 | 18 | 20 |  -0.42718761241
18 | 18 | 20 |   0.42718761241
21 | 18 | 20 |   0.42718761241

k1
 i |  j | Value
---|----|--------------
 2 |  2 | -0.03000001
 1 |  2 |  0.03000001
 4 |  4 | -0.35504331
 3 |  4 |  0.35504331
 2 |  4 |  0.35504331
 5 |  5 | -0.35504331
 8 |  5 |  0.35504331
 2 |  5 |  0.35504331
 6 |  6 | -0.35504331
 9 |  6 |  0.35504331
 2 |  6 |  0.35504331
 7 |  7 | -0.35504331
10 |  7 |  0.35504331
 2 |  7 |  0.35504331
 4 | 23 | -0.45101181
 5 | 23 |  0.45101181
 6 | 24 | -17.28026501
 7 | 24 |  17.28026501
 8 |  8 | -0.36668791
 3 |  8 |  0.36668791
10 | 10 | -0.36668791
 9 | 10 |  0.36668791
 5 |  5 | -0.36668791
 4 |  5 |  0.36668791
 7 |  7 | -0.36668791
 6 |  7 |  0.36668791
 4 | 25 | -0.86747191
 6 | 25 |  0.86747191
 5 | 26 | -0.26521321
 7 | 26 |  0.26521321
 9 |  9 | -0.01868931
 3 |  9 |  0.01868931
10 | 10 | -0.00216491
 8 | 10 |  0.00216491
 6 |  6 | -0.00216491
 4 |  6 |  0.00216491
 7 |  7 | -0.00216491
 5 |  7 |  0.00216491
14 | 14 | -0.01740521
13 | 14 |  0.01740521
15 | 15 | -0.01337541
13 | 15 |  0.01337541
17 | 17 | -0.01167681
16 | 17 |  0.01167681
19 | 19 | -0.00508031
18 | 19 |  0.00508031
21 | 21 | -0.00614471
20 | 21 |  0.00614471

Negative Feedback Model: 

